0 0.00224567015707 0.000129034901718
1 0.00248240837696 0.000147083238188
2 0.00229060732984 0.000111334808601
3 0.00226954973822 0.000100213546646
4 0.00260031413613 0.000136335854609
5 0.00331563874346 0.000158322513277
6 0.00379269109948 0.000191478838069
7 0.00401319371728 0.0001828003616
8 0.00462588481675 0.00019684152603
9 0.00459345026178 0.000204051686485
10 0.00599271727749 0.000227760674758
11 0.00623270680628 0.000198192873493
12 0.00623961256544 0.000244069031345
13 0.00924017277487 0.000282551942943
14 0.00755815183246 0.000201296054312
15 0.0105657225131 0.000307730129531
16 0.010026947644 0.000242293756134
17 0.017137565445 0.000361174046218
18 0.0102485811518 0.000259004241915
19 0.0217865183246 0.000356095438812
20 0.0227927748691 0.000364983752599
21 0.0153654764398 0.000324169011661
22 0.0273199424084 0.000369339313876
23 0.0377197225131 0.000312225186512
24 0.0433183141361 0.000232037553754
25 0.0481513246073 0.000192892222507
26 0.0528118795812 0.00013658457851
27 0.0565514136126 0.000123751234427
28 0.0587112774869 0.000139610358674
29 0.0587112198953 0.000139613284921
30 0.0565513507853 0.000123754996739
31 0.0528118481675 0.000136587587926
32 0.0481512879581 0.000192888172391
33 0.0433182879581 0.00023203519092
34 0.0377196858639 0.000312227853732
35 0.0273199109948 0.000369340529812
36 0.0153654502618 0.000324170439105
37 0.0227927434555 0.000364983319835
38 0.0217864921466 0.000356098267484
39 0.0102485759162 0.000259005037579
40 0.0171375602094 0.000361173686756
41 0.0100269424084 0.000242292738309
42 0.0105657120419 0.000307725613517
43 0.00755815183246 0.000201296707054
44 0.00924016230366 0.000282547019392
45 0.00623960209424 0.000244069509487
46 0.00623270680628 0.000198191837964
47 0.00599270680628 0.000227756621065
48 0.00459344502618 0.000204048799454
49 0.00462588481675 0.000196843577044
50 0.00401319371728 0.000182801945368
51 0.00379268586387 0.000191479529011
52 0.00331563874346 0.00015832177994
53 0.00260030890052 0.000136331481305
54 0.00226954973822 0.000100213817065
55 0.00229060209424 0.000111334622107
56 0.00248240314136 0.000147083775997
57 0.00224565968586 0.000129037321895
