0 0.00094064113239 3.04152669125e-05         
1 0.00226583680266 6.81564271347e-05         
2 0.00299464612823 7.78462524349e-05         
3 0.00216939217319 8.31809798761e-05         
4 0.0027901498751 6.94178845803e-05          
5 0.00378507077435 9.09528516019e-05         
6 0.00305590341382 9.95380148837e-05         
7 0.0043193755204 9.31610709092e-05          
8 0.00487376353039 0.000106088918491         
9 0.00452810990841 8.03341335535e-05         
10 0.00396068276436 0.000111121705231        
11 0.00628873438801 0.000142996096339        
12 0.00897816819317 0.000156842073343        
13 0.00720940882598 0.000100685641822        
14 0.00536447960033 0.000137205487992        
15 0.0136663780183 0.000199761229775         
16 0.0119467610325 0.00014144393341          
17 0.0071703080766 0.000165382824481         
18 0.0256639550375 0.000227256059509         
19 0.00595954204829 0.000109726660361        
20 0.0363776935887 0.000233461014115         
21 0.00550432972523 0.000111823575378
22 0.0464250541216 0.0002077781776
23 0.0263109658618 0.000246727535644
24 0.0317970607827 0.000243162674362
25 0.0677057035803 0.000108986205608
26 0.0627214071607 0.000114510032162
27 0.0136664945878 0.00013263466443
28 0.0815600999167 0.0001121334107
29 0.0815600749376 0.0001121438359
30 0.0136664945878 0.000132636493161
31 0.0627213738551 0.000114507731569
32 0.0677056786012 0.000108984599766
33 0.0317970441299 0.000243169948962
34 0.0263109575354 0.000246723171308
35 0.0464250291424 0.000207773815302
36 0.00550432972523 0.000111832721765
37 0.0363776686095 0.000233465358451
38 0.0059595337219 0.000109730729087
39 0.0256639467111 0.000227260808802
40 0.0071703080766 0.000165385394634
41 0.0119467610325 0.000141438457741
42 0.0136663613655 0.000199764065225
43 0.00536447960033 0.000137212768493
44 0.00720940049958 0.000100680771839
45 0.00897815986678 0.000156840398329
46 0.00628873438801 0.000142994120749
47 0.00396068276436 0.00011112363978
48 0.00452810990841 8.03341607504e-05
49 0.00487376353039 0.000106091473068
50 0.00431936719401 9.31573569311e-05
51 0.00305590341382 9.95361663143e-05
52 0.00378507077435 9.09562974478e-05
53 0.00279014154871 6.9422125309e-05
54 0.00216939217319 8.31806059046e-05
55 0.00299463780183 7.78456799417e-05
56 0.00226583680266 6.81560219498e-05
57 0.00094064113239 3.04153179788e-05

