0 0.0001675 5.85455483952e-05                                             
1 1.38888888889e-05 8.65083486503e-06                                     
2 0.0 0.0                                                                 
3 0.0 0.0                                                                 
4 0.0 0.0                                                                 
5 2.22222222222e-06 1.64379838859e-06                                     
6 0.000202592592593 8.73914161781e-05                                     
7 0.00322824074074 0.000563401514062                                      
8 0.00194231481481 0.000219774445809                                      
9 0.0016375 0.000274171318294                                             
10 0.000340185185185 6.60587137009e-05                                    
11 2.73148148148e-05 1.22572251992e-05                                    
12 0.000111481481481 4.56712169361e-05                                    
13 7.19444444444e-05 1.8572584423e-05                                     
14 0.000175185185185 7.64689551386e-05                                    
15 0.000988796296296 0.000151278149724                                    
16 0.00855731481481 0.00124624514056                                      
17 0.00704509259259 0.000852730365839                                     
18 0.00342509259259 0.000565047153672                                     
19 0.00255231481481 0.000274693612306                                     
20 0.000239166666667 3.40178022001e-05                                    
21 0.000179074074074 4.87081673934e-05                                    
22 0.000124537037037 3.69562295444e-05                                    
23 0.00341407407407 0.000432730794921                                     
24 0.00493518518519 0.000693986947135                                     
25 0.0158242592593 0.00257118898313                                       
26 0.0125971296296 0.00135847117195                                       
27 0.00632972222222 0.000627369626616                                     
28 0.00425592592593 0.000434271443971                                     
29 0.00264972222222 0.000291075880819                                     
30 0.00551666666667 0.000886885653813                                     
31 0.0121986111111 0.00139869215708                                       
32 0.00887712962963 0.000705709484783                                     
33 0.00626231481481 0.000617072406172                                     
34 0.0116368518519 0.00159065210436                                       
35 0.0083075 0.000852537439927                                            
36 0.0144674074074 0.00241962735525                                       
37 0.0172673148148 0.00193392207335                                       
38 0.0185344444444 0.00159550875186                                       
39 0.0120683333333 0.00110582253184                                       
40 0.0100924074074 0.000836455607477                                      
41 0.0150441666667 0.00149080524778                                       
42 0.0146126851852 0.00120289182889                                       
43 0.0254587037037 0.00241940314184                                       
44 0.0179182407407 0.00130270307483                                       
45 0.0260974074074 0.00187588043447                                       
46 0.0212923148148 0.00162489491185                                       
47 0.0253513888889 0.00185470610981                                       
48 0.0246872222222 0.00172045878559                                       
49 0.0228155555556 0.00128102095861                                       
50 0.0236977777778 0.00152810806829                                       
51 0.020445462963 0.00109095766834                                        
52 0.0203263888889 0.00129890104537                                       
53 0.014544537037 0.000836173337987                                       
54 0.00847101851852 0.000720023028368                                     
55 0.00791472222222 0.000739440128375                                     
56 0.00501268518519 0.000271763655668                                     
57 4.31481481481e-05 6.67285119613e-06                                    
58 4.31481481481e-05 6.67285119613e-06                                    
59 0.00501268518519 0.000271763655668                                     
60 0.00791472222222 0.000739440128375                                     
61 0.00847101851852 0.000719994615214                                     
62 0.014544537037 0.000836174232136                                       
63 0.0203262962963 0.00129886041179                                       
64 0.020445462963 0.00109098562795                                        
65 0.0236976851852 0.00152811262626                                       
66 0.0228155555556 0.001281064667                                         
67 0.0246872222222 0.00172050042789                                       
68 0.0253513888889 0.00185472976188                                       
69 0.0212923148148 0.00162489491185                                       
70 0.0260973148148 0.00187591761609                                       
71 0.0179182407407 0.00130268971859                                       
72 0.0254587037037 0.00241940255695                                       
73 0.0146126851852 0.00120290013662                                       
74 0.0150441666667 0.00149080524778                                       
75 0.0100924074074 0.000836455607477                                      
76 0.0120683333333 0.00110582253184                                       
77 0.0185344444444 0.00159550875186                                       
78 0.0172673148148 0.00193391083534                                       
79 0.0144674074074 0.00241962914948
80 0.0083075 0.000852537439927
81 0.0116368518519 0.00159065783753
82 0.00626231481481 0.000617072406172
83 0.00887712962963 0.000705709484783
84 0.0121986111111 0.0013986810891
85 0.00551666666667 0.000886847989517
86 0.00264972222222 0.000291075880819
87 0.00425592592593 0.000434273723235
88 0.00632962962963 0.000627372706399
89 0.0125971296296 0.00135847117195
90 0.0158242592593 0.00257118898313
91 0.00493518518519 0.000693986947135
92 0.00341407407407 0.000432732920812
93 0.000124537037037 3.69562295444e-05
94 0.000179074074074 4.87081673934e-05
95 0.000239166666667 3.40178022001e-05
96 0.00255101851852 0.000274795238022
97 0.00342509259259 0.000565047153672
98 0.00704509259259 0.000852730365839
99 0.00855861111111 0.0012463358025
100 0.000988796296296 0.000151278149724
101 0.000175185185185 7.64689551386e-05
102 7.19444444444e-05 1.8572584423e-05
103 0.000111481481481 4.56712169361e-05
104 2.73148148148e-05 1.22572251992e-05
105 0.000340185185185 6.60587137009e-05
106 0.0016375 0.000274171318294
107 0.00194231481481 0.000219774445809
108 0.00322824074074 0.000563401514062
109 0.000202592592593 8.73914161781e-05
110 2.22222222222e-06 1.64379838859e-06
111 0.0 0.0
112 0.0 0.0
113 0.0 0.0
114 1.38888888889e-05 8.65083486503e-06
115 0.0001675 5.85455483952e-05

