-1.96551724138 0.00192385150812 7.4172853603e-05
-1.89655172414 0.00287647911833 0.000106989941527
-1.8275862069 0.00211381090487 9.42652973779e-05 
-1.75862068966 0.0025741937355 9.46676544572e-05 
-1.68965517241 0.00252213457077 8.49007058423e-05
-1.62068965517 0.00290117169374 0.000126518197394
-1.55172413793 0.00423698955916 0.000138034469931
-1.48275862069 0.0041152900232 0.000120290250207 
-1.41379310345 0.00433513341067 0.000120452927411
-1.34482758621 0.00442721577726 0.000118911288105
-1.27586206897 0.00502814965197 0.000164225997697
-1.20689655172 0.00740574825986 0.000180053431515
-1.13793103448 0.00675715197216 0.000143447518759
-1.06896551724 0.00614166473318 0.00017003796667 
-1.0 0.0111118445476 0.000214581745547           
-0.931034482759 0.0082008700696 0.000149658833537
-0.862068965517 0.0126601334107 0.000260477031252
-0.793103448276 0.0132117459397 0.000190353985549
-0.724137931034 0.0154958990719 0.000271300482783
-0.655172413793 0.015377987239 0.000209769839057 
-0.586206896552 0.0297329756381 0.000272679901298
-0.51724137931 0.0102259454756 0.000216465038435 
-0.448275862069 0.0347700580046 0.000280415022428
-0.379310344828 0.0457849477958 0.000201061312222
-0.310344827586 0.0429259396752 0.000208884879591
-0.241379310345 0.0131378364269 0.000195095958436
-0.172413793103 0.0569848027842 0.000194414422636
-0.103448275862 0.0649705800464 0.000106979691307
-0.0344827586207 0.0680495591647 0.000124644161881
0.0344827586207 0.0680495417634 0.000124641544779
0.103448275862 0.0649705510441 0.000106975257065
0.172413793103 0.0569847853828 0.000194411864095
0.241379310345 0.0131378364269 0.000195093375194
0.310344827586 0.0429259222738 0.000208883270563
0.379310344828 0.045784924594 0.000201060928404
0.448275862069 0.0347700406032 0.000280419299981
0.51724137931 0.0102259338747 0.000216464593113
0.586206896552 0.0297329524362 0.000272677462241
0.655172413793 0.015377975638 0.000209768814316
0.724137931034 0.015495887471 0.00027129616041
0.793103448276 0.0132117343387 0.000190356620749
0.862068965517 0.0126601334107 0.000260475910969
0.931034482759 0.00820086426914 0.000149658273301
1.0 0.0111118445476 0.000214584028873
1.06896551724 0.00614165893271 0.000170033559485
1.13793103448 0.00675715197216 0.000143450187109
1.20689655172 0.0074057424594 0.000180052413565
1.27586206897 0.00502814965197 0.000164224798202
1.34482758621 0.00442721577726 0.000118910791595
1.41379310345 0.00433512761021 0.000120451626087
1.48275862069 0.0041152900232 0.000120290661781
1.55172413793 0.00423698955916 0.000138033491205
1.62068965517 0.00290116589327 0.000126521316604
1.68965517241 0.00252213457077 8.49038994803e-05
1.75862068966 0.0025741937355 9.46693969091e-05
1.8275862069 0.00211381090487 9.42667628209e-05
1.89655172414 0.00287647911833 0.000106992755985
1.96551724138 0.00192385150812 7.41703069257e-05

